%YAML:1.0
---
K: !!opencv-matrix
   rows: 3
   cols: 3
   dt: d
   data: [ 7.6748889488741986e+02, 0., 6.3774353682299829e+02, 0.,
       7.7116306855101391e+02, 5.2401590668779113e+02, 0., 0., 1. ]
D: !!opencv-matrix
   rows: 1
   cols: 5
   dt: d
   data: [ -3.2245020562830538e-02, 1.8425018704040808e-01,
       3.1064174032285120e-03, -1.8190118901709241e-03,
       -1.1702008441808934e-01 ]
board_width: 10
board_height: 7
square_size: 1.0000000149011612e-01
