%YAML:1.0
---
K: !!opencv-matrix
   rows: 3
   cols: 3
   dt: d
   data: [ 8.3182465089701975e+02, 0., 6.1939944189860660e+02, 0.,
       8.3359985711695390e+02, 5.1319098761181885e+02, 0., 0., 1. ]
D: !!opencv-matrix
   rows: 1
   cols: 5
   dt: d
   data: [ -4.0025725767787471e-02, 2.6572386902609690e-01,
       1.7722829220479797e-03, -2.4093221014083199e-03,
       -1.9779825859913233e-01 ]
board_width: 10
board_height: 7
square_size: 1.0000000149011612e-01
