%YAML:1.0
---
K1: !!opencv-matrix
   rows: 3
   cols: 3
   dt: d
   data: [ 7.6748889488741986e+02, 0., 6.3774353682299829e+02, 0.,
       7.7116306855101391e+02, 5.2401590668779113e+02, 0., 0., 1. ]
K2: !!opencv-matrix
   rows: 3
   cols: 3
   dt: d
   data: [ 8.3182465089701975e+02, 0., 6.1939944189860660e+02, 0.,
       8.3359985711695390e+02, 5.1319098761181885e+02, 0., 0., 1. ]
D1: !!opencv-matrix
   rows: 1
   cols: 5
   dt: d
   data: [ -3.2245020562830538e-02, 1.8425018704040808e-01,
       3.1064174032285120e-03, -1.8190118901709241e-03,
       -1.1702008441808934e-01 ]
D2: !!opencv-matrix
   rows: 1
   cols: 5
   dt: d
   data: [ -4.0025725767787471e-02, 2.6572386902609690e-01,
       1.7722829220479797e-03, -2.4093221014083199e-03,
       -1.9779825859913233e-01 ]
R: !!opencv-matrix
   rows: 3
   cols: 3
   dt: d
   data: [ 9.9770953578684618e-01, -1.0524224059648238e-02,
       6.6820078628644364e-02, 1.1740055361475347e-02,
       9.9977212184894493e-01, -1.7829062616075635e-02,
       -6.6617214742928033e-02, 1.8572697208557858e-02,
       9.9760573455563784e-01 ]
T: [ -2.6816228090012473e-01, 8.2922592166440157e-02,
    2.2548697177713464e-01 ]
E: !!opencv-matrix
   rows: 3
   cols: 3
   dt: d
   data: [ -8.1713016613469761e-03, -2.2389549202686304e-01,
       8.6744274808382926e-02, 2.0710627768506970e-01,
       2.6074214324001109e-03, 2.8258728640136727e-01,
       -8.5880900960247947e-02, -2.6722847663580401e-01,
       -7.5981203121455320e-04 ]
F: !!opencv-matrix
   rows: 3
   cols: 3
   dt: d
   data: [ -5.5162567276211202e-06, -1.5042653549620163e-04,
       1.2728727756416747e-01, 1.3951491681334988e-04,
       1.7480928229020493e-06, 5.6209869071150338e-02,
       -1.1640707190549501e-01, -5.7069004008706167e-02, 1. ]
R1: !!opencv-matrix
   rows: 3
   cols: 3
   dt: d
   data: [ 7.8211556796938719e-01, -2.4973016201244563e-01,
       -5.7090286785158151e-01, 2.4821166620286819e-01,
       9.6521424462837779e-01, -8.2173175229305229e-02,
       5.7156470071263044e-01, -7.7435832453120926e-02,
       8.1689502676388803e-01 ]
R2: !!opencv-matrix
   rows: 3
   cols: 3
   dt: d
   data: [ 7.4480460191071440e-01, -2.3031251091920904e-01,
       -6.2627649827110010e-01, 2.3199419725812317e-01,
       9.6937338278005036e-01, -8.0584968797666981e-02,
       6.2565549419083744e-01, -8.5272457872698590e-02,
       7.7542492255354267e-01 ]
P1: !!opencv-matrix
   rows: 3
   cols: 4
   dt: d
   data: [ 8.0238146283398396e+02, 0., 2.0467554380893707e+03, 0., 0.,
       8.0238146283398396e+02, 7.0481935119628906e+02, 0., 0., 0., 1.,
       0. ]
P2: !!opencv-matrix
   rows: 3
   cols: 4
   dt: d
   data: [ 8.0238146283398396e+02, 0., 2.0467554380893707e+03,
       -2.8889247283589378e+02, 0., 8.0238146283398396e+02,
       7.0481935119628906e+02, 0., 0., 0., 1., 0. ]
Q: !!opencv-matrix
   rows: 4
   cols: 4
   dt: d
   data: [ 1., 0., 0., -2.0467554380893707e+03, 0., 1., 0.,
       -7.0481935119628906e+02, 0., 0., 0., 8.0238146283398396e+02, 0.,
       0., 2.7774398375889118e+00, 0. ]
